> load("mlr_full_similarity_04.rda")
> ls()
[1] "this_simil"
> this_simil
$confusion
            CSF         GM          WM      n
CSF 0.751451053 0.24715929 0.001389653 321663
GM  0.007314027 0.96870383 0.023982143 655863
WM  0.000000000 0.08376746 0.916232535 494858

$jaccard
      CSF        GM        WM
0.7404092 0.8178711 0.8872306

$dice
      CSF        GM        WM
0.8508450 0.8998120 0.9402461

> load("mlr_full_similarity_13.rda")
> this_simil
$confusion
           CSF         GM          WM      n
CSF 0.97621199 0.01881627 0.004971731 419371
GM  0.05030752 0.84478627 0.104906214 783700
WM  0.00000000 0.01261747 0.987382534 383516

$jaccard
      CSF        GM        WM
0.8923227 0.8312834 0.8094571

$dice
      CSF        GM        WM
0.9430978 0.9078697 0.8946961

> load("mlr_full_similarity_27.rda")
> this_simil
$confusion
           CSF         GM          WM      n
CSF 0.93393853 0.04442689 0.021634582 364509
GM  0.02338439 0.97236841 0.004247197 725655
WM  0.00000000 0.15197846 0.848021540 545222

$jaccard
      CSF        GM        WM
0.8923948 0.8555773 0.8312987

$dice
      CSF        GM        WM
0.9431381 0.9221683 0.9078788

> load("mlr_full_similarity_29.rda")
> this_simil
$confusion
           CSF         GM          WM      n
CSF 0.91443649 0.08299632 0.002567185 356811
GM  0.02244954 0.93231955 0.045230911 678054
WM  0.00000000 0.04059840 0.959401600 509626

$jaccard
      CSF        GM        WM
0.8770217 0.8679290 0.9034111

$dice
      CSF        GM        WM
0.9344822 0.9292955 0.9492548

> load("mlr_full_similarity.rda")
> ls()
[1] "simil"      "this_simil"
> simil
$confusion
           CSF         GM          WM       n
CSF 0.90116278 0.09108670 0.007750517 1462354
GM  0.02687537 0.92680651 0.046318115 2843272
WM  0.00000000 0.07750998 0.922490019 1933222

$jaccard
      CSF        GM        WM
0.8564118 0.8428969 0.8589414

$dice
      CSF        GM        WM
0.9226528 0.9147521 0.9241189

>