> load("mlr_spline_similarity_04.rda")
> ls()
[1] "this_simil"
> this_simil
$confusion
             CSF        GM           WM      n
CSF 8.263493e-01 0.1733958 0.0002549252 321663
GM  3.401625e-03 0.9776264 0.0189719499 655863
WM  7.072736e-05 0.1347740 0.8651552567 494858

$jaccard
      CSF        GM        WM
0.8205687 0.8237988 0.8437985

$dice
      CSF        GM        WM
0.9014422 0.9033878 0.9152828

> load("mlr_spline_similarity_13.rda")
> this_simil
$confusion
             CSF          GM          WM      n
CSF 9.839307e-01 0.013126802 0.002942502 419371
GM  7.229169e-02 0.819353069 0.108355238 783700
WM  5.475652e-05 0.009355542 0.990589702 383516

$jaccard
      CSF        GM        WM
0.8667884 0.8099554 0.8088841

$dice
      CSF        GM        WM
0.9286413 0.8950004 0.8943460

> load("mlr_spline_similarity_27.rda")
> this_simil
$confusion
            CSF         GM          WM      n
CSF 0.961027025 0.03700869 0.001964286 364509
GM  0.022079363 0.97457194 0.003348699 725655
WM  0.003998371 0.14469702 0.851304606 545222

$jaccard
      CSF        GM        WM
0.9153199 0.8645122 0.8464207

$dice
      CSF        GM        WM
0.9557880 0.9273334 0.9168232

> load("mlr_spline_similarity_29.rda")
> this_simil
$confusion
             CSF         GM           WM      n
CSF 0.8985821625 0.10100866 0.0004091802 356811
GM  0.0050644934 0.93897389 0.0559616196 678054
WM  0.0001452045 0.02939803 0.9704567663 509626

$jaccard
      CSF        GM        WM
0.8898337 0.8732617 0.9029663

$dice
      CSF        GM        WM
0.9417058 0.9323435 0.9490092

> load("mlr_spline_similarity.rda")
> simil
$confusion
            CSF         GM          WM       n
CSF 0.922734851 0.07577577 0.001489379 1462354
GM  0.027553467 0.92400375 0.048442780 2843272
WM  0.001194896 0.08491317 0.913891938 1933222

$jaccard
      CSF        GM        WM
0.8745041 0.8425249 0.8522142

$dice
      CSF        GM        WM
0.9330511 0.9145330 0.9202113 